NAME : CoveragePlanner.74306.tour
COMMENT : Length = 74306
COMMENT : Found by LKH [Keld Helsgaun] Mon Oct 12 08:30:57 2020
TYPE : TOUR
DIMENSION : 276
TOUR_SECTION
1
66
65
245
191
190
269
248
192
193
183
247
249
250
162
177
163
178
246
12
11
126
14
150
138
139
263
149
146
145
140
123
147
148
82
83
74
86
85
84
13
261
7
69
70
262
259
53
54
260
52
153
87
73
88
156
155
131
264
132
137
133
136
154
16
134
135
15
27
76
152
91
75
92
42
151
43
44
124
130
125
129
157
142
141
158
79
72
89
78
90
77
121
93
94
122
31
143
39
40
38
144
71
21
80
81
127
128
174
22
243
244
17
36
37
24
196
194
197
195
198
176
164
166
167
175
23
41
32
160
29
228
199
200
184
202
233
201
234
172
165
169
170
173
227
159
45
46
47
48
220
236
49
50
235
110
51
96
97
241
226
242
225
219
218
222
205
221
203
30
204
95
119
120
20
101
100
207
209
224
223
19
34
35
18
210
251
33
108
117
118
252
5
6
254
208
213
214
212
211
258
255
257
99
102
107
106
256
275
104
105
253
62
116
115
274
273
215
64
63
2
271
61
272
60
59
237
217
206
216
240
239
111
112
276
114
98
113
103
238
4
109
3
26
9
25
28
171
229
179
180
232
161
168
231
186
185
181
270
182
189
188
230
187
10
57
58
265
55
56
266
267
67
68
8
268
-1
EOF
